start=1334.792000
pause=yes
volume=120.000000
aid=2
