start=1352.997000
volume=150.000000
aid=2
sid=no
