start=609.818000
volume=150.000000
sub-visibility=no
