start=404.738000
volume=130.000000
fullscreen=yes
aid=2
