start=1446.278000
volume=140.000000
fullscreen=yes
aid=2
sub-visibility=no
