start=1230.813000
volume=130.000000
aid=2
