start=1299.924000
volume=150.000000
fullscreen=yes
aid=2
