start=1335.751000
pause=yes
volume=136.000000
fullscreen=yes
aid=2
