start=1333.457000
volume=150.000000
fullscreen=yes
aid=2
