start=1330.002000
volume=124.000000
aid=2
sid=3
sub-visibility=no
