start=1336.001000
volume=170.000000
aid=2
