start=1349.640000
volume=150.000000
sub-visibility=no
