start=1334.833000
volume=168.000000
fullscreen=yes
aid=2
sid=2
sub-visibility=no
