start=1425.049000
volume=97.983330
fullscreen=yes
aid=2
sid=2
sub-visibility=no
