start=1367.783000
volume=150.000000
fullscreen=yes
aid=2
