start=1353.734000
volume=180.000000
aid=2
sid=2
sub-visibility=no
