start=249.877333
pause=yes
volume=200.000000
