start=827.618458
volume=40.000000
