start=1418.208000
volume=120.000000
aid=2
sid=3
sub-ass-override=force
