start=1387.761000
volume=110.000000
sub-visibility=no
