start=1367.116000
volume=130.000000
fullscreen=yes
aid=2
