start=1375.082000
volume=190.000000
aid=2
