start=1460.734000
pause=yes
volume=130.000000
