start=319.166667
volume=148.000000
fullscreen=yes
