start=805.600000
volume=150.000000
