start=1287.995000
pause=yes
volume=182.000000
aid=2
