start=1208.506000
volume=150.000000
aid=2
sub-ass-override=force
