start=1437.453141
pause=yes
volume=164.000000
fullscreen=yes
aid=2
sid=2
