start=860.026000
volume=130.000000
aid=2
