start=417.417000
volume=150.000000
aid=2
sub-visibility=no
