start=1420.119211
pause=yes
volume=150.000000
aid=2
sub-visibility=no
