start=1339.804000
volume=120.000000
aid=1
sub-visibility=no
