start=3800.433000
volume=186.000000
fullscreen=yes
