start=1331.747000
volume=180.000000
fullscreen=yes
aid=2
