start=1411.243000
volume=120.000000
aid=2
