start=497.080000
volume=120.000000
aid=2
