start=236.533333
volume=162.000000
