start=518.500000
volume=120.000000
