start=1453.619000
volume=130.000000
sub-visibility=no
