start=1527.776000
pause=yes
contrast=2
sid=no
sub-delay=0.100000
