start=1383.632000
volume=180.000000
fullscreen=yes
aid=2
sub-visibility=no
