start=1327.618000
volume=120.000000
aid=2
