start=1336.043000
volume=110.000000
sid=no
