start=1421.141000
pause=yes
volume=150.000000
fullscreen=yes
aid=2
