start=1362.570000
pause=yes
volume=180.000000
aid=2
sid=4
