start=1566.356000
volume=148.000000
sub-visibility=no
