start=132.640000
pause=yes
volume=170.000000
aid=2
