start=1380.170000
volume=170.000000
aid=2
