start=16.964542
pause=yes
volume=150.000000
