start=5293.038000
volume=150.000000
