start=1324.365000
volume=200.000000
aid=2
