start=1345.284000
volume=140.000000
fullscreen=yes
aid=2
