start=967.216000
pause=yes
volume=120.000000
