start=1423.091000
pause=yes
volume=162.000000
aid=2
