start=1167.333000
volume=150.000000
aid=2
sid=no
