start=1322.286000
volume=130.000000
fullscreen=yes
aid=2
sub-visibility=no
