start=1134.467000
volume=140.000000
aid=2
