start=1368.450000
volume=150.000000
sid=no
