start=1347.972000
volume=150.000000
sub-visibility=no
