start=1.500000
volume=76.000000
