start=150.525526
pause=yes
volume=120.000000
aid=1
