start=1329.870000
volume=156.000000
fullscreen=yes
aid=2
sid=3
sub-visibility=no
