start=1341.632000
volume=110.000000
aid=2
