start=1427.988667
pause=yes
volume=150.000000
aid=2
