start=1304.428000
volume=140.000000
aid=2
sid=3
sub-visibility=no
