start=1319.652000
volume=150.000000
sid=4
sub-visibility=no
