start=9.843000
volume=154.000000
aid=2
