start=245.954000
volume=149.683334
fullscreen=yes
aid=9
sid=36
sub-visibility=no
