start=1431.889000
pause=yes
volume=140.000000
aid=2
sid=4
