start=285.433333
volume=200.000000
sid=no
