start=244.298285
volume=138.000000
fullscreen=yes
aid=2
sub-visibility=no
