start=1339.672000
pause=yes
volume=150.000000
aid=2
