start=1324.406000
volume=160.000000
fullscreen=yes
aid=2
sid=3
sub-visibility=no
