start=1314.063000
volume=150.000000
aid=2
