start=1404.446000
volume=136.000000
sub-visibility=no
