start=780.780000
volume=150.000000
