start=1461.585000
volume=150.000000
fullscreen=yes
aid=2
sid=3
