start=1423.090000
pause=yes
volume=110.000000
aid=2
