start=1334.757000
pause=yes
volume=180.000000
aid=2
sid=2
