start=1417.113378
pause=yes
volume=144.000000
aid=2
