start=1355.437417
volume=150.000000
fullscreen=yes
aid=1
