start=885.934000
pause=yes
volume=150.000000
aid=2
sub-visibility=no
