start=1333.499000
volume=116.000000
sub-visibility=no
