start=7.132000
pause=yes
volume=150.000000
aid=2
