start=1432.106334
pause=yes
volume=130.000000
aid=2
