start=1461.752000
volume=150.000000
fullscreen=yes
aid=2
