start=1323.093000
volume=144.000000
sub-visibility=no
