start=598.681000
pause=yes
volume=150.000000
aid=2
