start=719.872000
pause=yes
volume=120.000000
