start=1393.024000
volume=110.000000
aid=2
sid=3
sub-visibility=no
