start=1451.082000
pause=yes
volume=150.000000
aid=2
