start=1443.275000
volume=150.000000
fullscreen=yes
aid=2
sid=2
