start=1442.733000
volume=136.000000
sub-visibility=no
