start=1357.523000
volume=150.000000
aid=2
sid=3
