start=79.412667
volume=70.000000
