start=1372.913000
volume=178.000000
fullscreen=yes
aid=2
