start=1339.088000
volume=150.000000
aid=2
sid=3
sub-visibility=no
sub-ass-override=force
