start=1221.637000
pause=yes
volume=150.000000
aid=2
