start=1327.013000
pause=yes
volume=150.000000
sid=2
sub-visibility=no
