start=1332.414000
volume=96.000000
sub-visibility=no
