start=1406.887000
volume=152.000000
fullscreen=yes
aid=2
