start=1337.051000
volume=130.000000
aid=2
sub-visibility=no
