start=1430.763000
volume=190.000000
aid=2
sid=2
sub-visibility=no
