start=304.749500
pause=yes
volume=140.000000
