start=509.333333
volume=130.000000
