start=1433.223000
volume=156.000000
aid=2
