start=1442.406000
volume=150.000000
fullscreen=yes
aid=2
