start=162.079000
volume=120.000000
fullscreen=yes
