start=381.933333
volume=150.000000
sub-visibility=no
