start=606.710000
volume=122.000000
aid=2
