start=1348.138000
volume=146.000000
aid=2
sub-visibility=no
