start=1420.044000
volume=140.000000
aid=2
