start=1342.216000
volume=150.000000
