start=1334.833000
pause=yes
volume=126.000000
fullscreen=yes
aid=2
