start=1348.055000
pause=yes
volume=150.000000
aid=2
sub-visibility=no
