start=1346.018000
volume=150.000000
aid=2
sub-visibility=no
sub-ass-override=force
