start=162.204000
volume=130.000000
fullscreen=yes
