start=1444.902000
volume=146.000000
aid=2
sid=2
sub-visibility=no
