start=3157.133000
pause=yes
volume=150.000000
