start=1338.796000
pause=yes
volume=120.000000
aid=2
