start=1452.954500
pause=yes
volume=162.000000
fullscreen=yes
aid=2
