start=96.933333
volume=120.000000
