start=475.934000
volume=110.549995
aid=2
sub-visibility=no
