start=1420.085000
pause=yes
volume=160.000000
aid=2
sid=2
sub-visibility=no
