start=1343.842000
volume=120.000000
sid=no
