start=1420.108115
pause=yes
volume=160.000000
aid=2
sid=2
