start=1467.058176
pause=yes
volume=180.000000
aid=2
