start=1350.349000
volume=112.000000
aid=2
sid=5
