start=1433.182000
volume=150.000000
fullscreen=yes
aid=2
sid=3
sub-visibility=no
