start=1563.979000
volume=150.000000
fullscreen=yes
sid=1
sub-visibility=no
