start=438.299625
pause=yes
volume=150.000000
