start=1396.152000
volume=130.000000
sub-visibility=no
