start=1398.230000
volume=182.000000
sub-visibility=no
