start=1376.917000
volume=82.000000
aid=2
