start=10.266667
volume=162.000000
