start=1318.567000
volume=110.000000
fullscreen=yes
sid=1
sub-visibility=no
