start=1287.877000
volume=150.000000
aid=2
sub-visibility=no
