start=1064.105000
volume=150.000000
aid=2
