start=1394.018000
volume=150.000000
sub-visibility=no
