start=1366.824000
volume=142.000000
sid=1
sub-visibility=no
