start=1498.747000
pause=yes
volume=130.000000
sid=1
sub-visibility=no
