start=1356.230000
volume=150.000000
sub-visibility=no
