start=2813.511000
volume=120.000000
sid=24
sub-visibility=no
