start=12994.467000
speed=1.610510
pause=yes
volume=200.000000
