start=1362.570000
volume=150.000000
aid=2
sid=25
