start=873.998000
volume=150.000000
aid=2
sub-ass-override=force
