start=1335.167000
volume=150.000000
sid=no
