start=1348.639000
volume=110.000000
aid=2
