start=1422.546000
volume=160.000000
aid=2
