start=1432.106334
pause=yes
volume=140.000000
aid=2
