start=1238.696000
volume=180.000000
fullscreen=yes
aid=2
