start=1519.108000
volume=120.000000
aid=2
sid=no
