start=2536.200333
volume=150.000000
