start=1343.516000
volume=150.000000
aid=2
sid=2
sub-visibility=no
