start=1309.934000
volume=154.000000
fullscreen=yes
aid=2
