start=1357.729000
pause=yes
volume=170.000000
aid=2
sub-visibility=no
