start=723.681000
volume=120.000000
aid=2
sid=2
sub-visibility=no
