start=1359.073000
volume=100.966675
aid=2
sid=3
