start=1505.254000
volume=130.000000
aid=2
sid=2
sub-visibility=no
