start=1335.209000
pause=yes
volume=140.000000
fullscreen=yes
aid=2
