start=1405.529000
volume=150.000000
sid=1
sub-visibility=no
