start=1341.889000
volume=110.000000
aid=2
sub-visibility=no
