start=1327.159000
volume=130.000000
fullscreen=yes
aid=2
sub-visibility=no
