start=1367.832000
volume=150.000000
fullscreen=yes
aid=1
