start=1328.953000
volume=130.000000
fullscreen=yes
aid=2
