start=1344.718000
volume=150.000000
aid=2
