start=1354.895000
volume=138.000000
aid=2
