start=1427.934000
volume=150.000000
fullscreen=yes
aid=2
