start=1357.655000
pause=yes
volume=98.000000
sid=29
