start=1398.564000
volume=150.000000
aid=2
