start=770.277000
volume=120.000000
aid=2
sid=2
