start=1450.039000
volume=140.000000
fullscreen=yes
aid=2
