start=1330.913000
volume=158.000000
fullscreen=yes
aid=2
sub-visibility=no
