start=1341.465000
pause=yes
volume=180.000000
fullscreen=yes
aid=2
