start=725.475000
volume=160.000000
aid=2
sid=3
sub-visibility=no
