start=1144.935000
pause=yes
volume=164.000000
aid=2
sub-visibility=no
