start=154.780000
volume=120.000000
sub-visibility=no
