start=33.000000
pause=yes
volume=116.000000
