start=424.716000
volume=150.000000
aid=2
