start=1316.315000
volume=130.000000
aid=2
sid=3
sub-visibility=no
