start=213.637000
volume=180.000000
