start=1423.090000
pause=yes
volume=130.000000
fullscreen=yes
aid=2
