start=1249.581667
volume=130.000000
fullscreen=yes
