start=1335.834000
volume=146.000000
fullscreen=yes
aid=2
