start=1319.319000
volume=136.000000
