start=1360.484000
volume=160.000000
fullscreen=yes
aid=2
