start=1347.513000
volume=160.000000
fullscreen=yes
aid=2
