start=1223.479000
volume=130.000000
aid=2
sub-visibility=no
