start=642.517000
volume=150.000000
aid=2
