start=1419.460000
volume=126.000000
fullscreen=yes
aid=2
sub-visibility=no
