start=18.099819
volume=192.000000
