start=1466.715000
volume=140.000000
aid=2
