start=1414.747000
pause=yes
volume=120.000000
aid=2
sid=4
sub-visibility=no
