start=1448.739000
volume=110.000000
sub-visibility=no
