start=1501.215000
volume=130.000000
fullscreen=yes
aid=2
sid=no
