start=1319.570000
volume=130.000000
fullscreen=yes
