start=435.685000
volume=70.000000
