start=156.200000
volume=190.000000
