start=1335.918000
volume=122.000000
aid=2
sid=2
sub-visibility=no
