start=1344.802000
volume=112.000000
sub-visibility=no
