start=1399.148000
volume=180.000000
aid=2
