start=1252.877000
pause=yes
volume=160.000000
aid=2
