start=1438.270000
volume=160.000000
sub-visibility=no
