start=1421.503334
pause=yes
volume=158.000000
fullscreen=yes
aid=2
