start=1428.223333
pause=yes
volume=150.000000
aid=2
sub-visibility=no
