start=1341.674000
volume=140.000000
aid=2
sub-visibility=no
