start=1419.543000
pause=yes
volume=130.000000
aid=2
