start=1.400000
volume=96.000000
