start=839.005000
volume=112.000000
aid=2
sid=5
sub-ass-override=no
