start=1057.454000
volume=146.000000
aid=2
