start=1339.255000
volume=150.000000
sub-visibility=no
