start=1371.120000
pause=yes
volume=130.000000
aid=2
