start=1431.889000
pause=yes
volume=130.000000
aid=2
sid=3
