start=1330.663000
volume=118.000000
sub-visibility=no
