start=1292.917000
volume=170.000000
aid=2
sid=4
