start=1334.257000
volume=140.000000
fullscreen=yes
aid=2
