start=1420.131717
pause=yes
volume=150.000000
aid=2
sub-ass-override=force
