start=1419.926000
pause=yes
volume=120.000000
aid=2
sid=3
