start=1331.705000
volume=150.000000
