start=1361.325000
volume=150.000000
fullscreen=yes
aid=2
