start=1329.703000
volume=130.000000
fullscreen=yes
aid=2
