start=1328.835000
volume=116.000000
fullscreen=yes
aid=2
sub-visibility=no
