start=2692.633000
volume=110.000000
sub-visibility=no
