start=117.384000
volume=150.000000
sid=no
