start=1537.501000
pause=yes
volume=130.000000
aid=2
