start=14.933333
pause=yes
volume=150.000000
