start=1230.611000
pause=yes
volume=200.000000
aid=2
sub-visibility=no
