start=1322.613000
volume=180.000000
sub-visibility=no
