start=168.668000
pause=yes
volume=120.000000
