start=4249.542000
volume=140.000000
fullscreen=yes
