start=1356.730000
volume=150.000000
aid=2
sid=4
