start=1357.729000
pause=yes
volume=152.000000
aid=2
sub-visibility=no
