start=1322.699000
volume=140.000000
sub-visibility=no
