start=1440.170025
pause=yes
volume=150.000000
fullscreen=yes
aid=2
