start=1335.584000
volume=156.000000
fullscreen=yes
aid=2
sid=3
sub-visibility=no
