start=1428.224000
pause=yes
volume=110.000000
aid=2
