start=1177.259000
pause=yes
volume=110.000000
aid=2
