start=1302.635000
volume=144.000000
aid=2
sub-visibility=no
