start=633.508000
volume=130.000000
fullscreen=yes
aid=2
