start=1345.678000
volume=140.000000
aid=2
sub-visibility=no
sub-ass-override=force
