start=1416.348000
pause=yes
volume=138.000000
aid=2
sid=2
sub-ass-override=no
