start=1331.997000
volume=130.000000
aid=2
