start=1336.961000
volume=132.000000
