start=246.083000
volume=70.000000
