start=321.433333
volume=200.000000
