start=181.807000
volume=120.000000
sub-visibility=no
