start=287.552000
pause=yes
volume=200.000000
