start=1561.518000
pause=yes
volume=150.000000
sid=1
