start=1427.426000
volume=200.000000
fullscreen=yes
aid=2
