start=908.199000
volume=150.000000
sid=no
