start=1326.869000
volume=140.000000
fullscreen=yes
