start=194.333333
pause=yes
volume=160.000000
