start=4.004000
pause=yes
volume=70.000000
