start=1342.883000
volume=150.000000
fullscreen=yes
aid=2
