start=409.743000
volume=110.000000
aid=2
