start=1350.724000
volume=170.000000
fullscreen=yes
aid=2
