start=1329.724000
volume=104.000000
aid=2
sid=no
