start=186.516493
pause=yes
volume=120.000000
aid=2
