start=1341.340000
pause=yes
volume=132.000000
aid=2
sub-visibility=no
