start=121.580000
volume=162.000000
sub-visibility=no
