start=1422.345000
volume=126.000000
fullscreen=yes
aid=2
