start=49.182650
volume=130.000000
