start=1343.634000
volume=140.000000
aid=2
sub-visibility=no
