start=1334.667000
pause=yes
volume=150.000000
aid=2
sid=4
