start=1252.126000
volume=160.000000
fullscreen=yes
aid=2
