start=1411.540000
pause=yes
volume=172.000000
aid=2
sid=2
sub-visibility=no
