start=1144.560000
volume=110.000000
aid=2
