start=1333.548000
volume=148.000000
fullscreen=yes
aid=2
sid=3
sub-visibility=no
