start=337.533333
volume=140.000000
