start=1422.796000
volume=130.000000
sub-visibility=no
