start=452.033333
volume=200.000000
