start=1334.041000
pause=yes
volume=150.000000
aid=2
sub-visibility=no
