start=1417.576000
volume=120.000000
fullscreen=yes
sid=1
sub-visibility=no
