start=1351.392000
volume=150.000000
fullscreen=yes
aid=2
