start=1423.091000
pause=yes
volume=170.000000
fullscreen=yes
aid=2
