start=1487.194000
volume=150.000000
