start=888.512000
pause=yes
volume=90.000000
