start=203.502000
volume=148.000000
aid=2
sid=2
sub-visibility=no
