start=1200.684594
pause=yes
volume=180.000000
aid=2
