start=1340.006673
volume=126.000000
