start=1376.250000
volume=200.000000
fullscreen=yes
aid=2
