start=1421.120333
pause=yes
volume=130.000000
aid=2
sid=4
