start=939.981000
volume=128.000000
aid=2
sid=12
sub-visibility=no
sub-ass-override=force
