start=1420.107330
pause=yes
volume=158.000000
fullscreen=yes
aid=2
