start=236.027000
volume=170.000000
