start=1374.206000
volume=150.000000
fullscreen=yes
aid=2
sid=4
