start=372.122000
pause=yes
volume=110.000000
aid=2
sid=3
sub-visibility=no
