start=1306.263000
volume=184.000000
fullscreen=yes
aid=2
