start=1282.156000
volume=82.000000
