start=244.870000
volume=130.000000
aid=2
