start=314.147000
volume=140.000000
sub-visibility=no
