start=1230.443583
volume=110.000000
aid=2
