start=1445.152000
pause=yes
volume=140.000000
fullscreen=yes
aid=2
