start=1332.790000
volume=170.000000
fullscreen=yes
aid=2
