start=1323.572000
volume=110.000000
fullscreen=yes
aid=2
sid=3
sub-visibility=no
