start=1332.248916
volume=120.000000
fullscreen=yes
