start=460.733333
volume=130.000000
