start=1417.407333
pause=yes
volume=170.000000
