start=1399.273000
volume=152.000000
aid=2
