start=476.267000
volume=154.000000
sub-visibility=no
