start=1328.494000
volume=170.000000
aid=2
