start=1420.107623
pause=yes
volume=120.000000
aid=2
