start=1281.078000
volume=130.000000
sid=no
