start=1400.608000
volume=150.000000
sub-visibility=no
