start=1096.345000
volume=110.000000
sub-visibility=no
