start=1502.292000
volume=150.000000
fullscreen=yes
sid=1
