start=1327.827000
volume=182.000000
fullscreen=yes
aid=2
