start=1338.921000
volume=166.000000
sub-visibility=no
