start=1420.108614
pause=yes
volume=180.000000
aid=2
