start=145.166667
volume=124.000000
fullscreen=yes
