start=1328.619000
volume=180.000000
fullscreen=yes
aid=2
