start=51.885000
pause=yes
volume=150.000000
aid=2
