start=1442.900000
volume=190.000000
fullscreen=yes
aid=2
