start=1333.499000
speed=1.004297
volume=140.000000
contrast=-12
sub-visibility=no
