start=1297.338000
volume=136.000000
