start=291.583000
volume=120.000000
sub-visibility=no
