start=1360.449000
volume=150.000000
aid=2
