start=412.066667
volume=150.000000
