start=36.669967
pause=yes
volume=120.000000
