start=64.366667
volume=132.000000
