start=1347.846000
volume=108.000000
fullscreen=yes
aid=2
