start=1411.911000
volume=200.000000
