start=1343.766000
volume=120.000000
aid=2
