start=11.625000
volume=0.000000
sub-visibility=no
