start=1249.972190
volume=130.000000
aid=2
