start=455.900567
pause=yes
volume=150.000000
