start=1116.365000
volume=150.000000
aid=2
