start=1681.250000
pause=yes
volume=124.000000
