start=1408.490000
volume=138.000000
sid=3
