start=1465.964000
volume=150.000000
fullscreen=yes
aid=2
