start=1431.972000
pause=yes
volume=150.000000
aid=2
