start=1422.122667
pause=yes
volume=170.000000
fullscreen=yes
aid=2
