start=840.381000
volume=130.000000
sub-visibility=no
