start=1332.581000
volume=150.000000
aid=2
sid=3
sub-visibility=no
sub-ass-override=force
