start=1314.897000
volume=170.000000
aid=2
