start=771.152000
volume=200.000000
fullscreen=yes
aid=2
sub-visibility=no
