start=1307.515000
volume=140.000000
fullscreen=yes
aid=2
sub-visibility=no
