start=1084.917000
volume=140.000000
sub-visibility=no
