start=1337.294000
volume=144.000000
aid=2
sid=4
sub-visibility=no
sub-ass-override=force
