start=916.999000
volume=140.000000
aid=2
