start=1.293000
volume=140.000000
sub-visibility=no
