start=1441.273000
volume=150.000000
fullscreen=yes
aid=2
sid=8
