start=1510.509000
volume=120.000000
aid=2
