start=3.045000
volume=128.000000
aid=2
