start=1419.941000
pause=yes
volume=160.000000
aid=2
sub-visibility=no
