start=1334.458000
volume=170.000000
fullscreen=yes
aid=2
