start=608.833333
volume=150.000000
