start=1335.417000
volume=144.000000
fullscreen=yes
aid=2
