start=305.013000
pause=yes
volume=110.000000
