start=157.324000
volume=120.000000
fullscreen=yes
