start=1329.912000
volume=150.000000
fullscreen=yes
aid=2
