start=1321.572000
volume=140.000000
