start=1502.112000
pause=yes
volume=170.000000
aid=2
