start=1328.827000
volume=158.000000
fullscreen=yes
aid=2
sid=2
sub-visibility=no
