start=1429.136000
volume=120.000000
aid=2
