start=50.259000
volume=130.000000
sid=2
sub-ass-override=no
