start=255.433333
volume=150.000000
