start=1400.816000
volume=150.000000
fullscreen=yes
aid=2
sid=3
