start=1486.167000
volume=118.000000
saturation=1
sid=5
sub-visibility=no
