start=1319.319000
volume=120.000000
aid=2
sub-visibility=no
