start=246.333333
volume=172.000000
fullscreen=yes
