start=1433.349000
volume=150.000000
aid=2
