start=952.827000
volume=130.000000
sub-visibility=no
