start=194.366667
volume=130.000000
