start=1258.097000
volume=150.000000
aid=1
sid=2
sub-visibility=no
