start=1410.242000
volume=120.000000
aid=2
