start=1339.463000
volume=130.000000
sub-visibility=no
