start=1420.420420
volume=120.000000
fullscreen=yes
