start=1287.411000
volume=182.000000
fullscreen=yes
aid=2
sid=2
