start=1256.867667
volume=132.000000
aid=2
