start=1370.497019
volume=150.000000
fullscreen=yes
aid=2
sid=3
sub-visibility=no
