start=1395.060000
volume=150.000000
fullscreen=yes
aid=2
sub-visibility=no
