start=1322.947000
volume=170.000000
aid=2
