start=1418.417000
volume=110.000000
sid=no
