start=501.700000
volume=150.000000
fullscreen=yes
