start=1368.409000
volume=130.000000
sid=no
