start=1335.459000
volume=140.000000
sub-visibility=no
