start=1346.053000
volume=160.000000
aid=2
sub-visibility=no
