start=1348.764000
volume=150.000000
aid=9
sid=36
sub-visibility=no
