start=699.657000
volume=110.000000
fullscreen=yes
aid=2
sid=no
