start=1421.084000
pause=yes
volume=120.000000
aid=1
