start=1423.672000
volume=160.000000
fullscreen=yes
aid=2
sid=2
sub-visibility=no
