start=1431.430000
pause=yes
volume=126.000000
aid=2
