start=1345.643000
volume=180.000000
fullscreen=yes
aid=2
