start=1440.123566
pause=yes
volume=120.000000
fullscreen=yes
aid=2
