start=3.545000
pause=yes
volume=106.000000
aid=2
sub-visibility=no
