start=1500.100311
pause=yes
volume=150.000000
sid=1
