start=1346.894000
volume=136.000000
fullscreen=yes
aid=2
