start=1359.650000
volume=110.000000
sub-visibility=no
