start=1432.052333
pause=yes
volume=132.000000
fullscreen=yes
aid=2
