start=1378.586000
volume=110.000000
aid=2
sid=4
