start=1384.300000
volume=150.000000
fullscreen=yes
aid=2
sid=3
