start=1327.034000
volume=170.000000
fullscreen=yes
aid=2
sid=2
