start=1312.895000
volume=160.000000
aid=2
