start=116.549000
volume=140.000000
