start=1421.513000
pause=yes
volume=130.000000
fullscreen=yes
aid=2
