start=678.553000
volume=160.000000
sub-visibility=no
