start=1345.469000
volume=120.000000
aid=2
