start=2672.167000
volume=106.000000
sub-visibility=no
