start=1218.759000
volume=150.000000
aid=2
