start=1340.381000
volume=120.000000
sub-visibility=no
