start=1352.267000
volume=150.000000
sub-visibility=no
