start=608.650000
volume=150.000000
sub-visibility=no
