start=1284.540000
volume=104.000000
aid=1
sid=6
sub-visibility=no
