start=1437.114500
pause=yes
volume=90.000000
aid=2
sub-visibility=no
