start=1417.791000
volume=200.000000
fullscreen=yes
aid=2
sid=2
sub-visibility=no
