start=1306.472000
volume=182.000000
fullscreen=yes
aid=1
sub-visibility=no
