start=577.368000
pause=yes
volume=170.000000
aid=2
