start=1307.681000
volume=120.000000
aid=2
sub-visibility=no
