start=102.712033
pause=yes
volume=200.000000
