start=1378.377000
pause=yes
volume=130.000000
aid=2
