start=1428.851000
volume=110.000000
fullscreen=yes
aid=2
sub-visibility=no
