start=1422.037333
pause=yes
volume=130.000000
