start=1342.382000
volume=160.000000
fullscreen=yes
