start=522.313000
volume=140.000000
sub-visibility=no
