start=1323.079000
volume=110.000000
fullscreen=yes
aid=2
sid=3
sub-visibility=no
