start=1330.538000
volume=124.000000
aid=2
