start=1336.710000
volume=140.000000
aid=2
