start=1422.171000
volume=150.000000
fullscreen=yes
