start=1412.995000
volume=130.000000
sid=no
