start=1548.839000
volume=110.000000
fullscreen=yes
sid=1
