start=1332.623000
volume=150.000000
fullscreen=yes
aid=2
