start=477.888000
pause=yes
volume=130.000000
