start=2682.133000
volume=150.000000
sub-visibility=no
