start=1420.130981
pause=yes
volume=150.000000
fullscreen=yes
aid=2
