start=1330.371000
volume=130.000000
sid=no
