start=1286.994000
volume=180.000000
fullscreen=yes
aid=2
sid=2
