start=1324.288000
pause=yes
volume=120.000000
aid=2
sid=3
sub-delay=0.100000
sub-visibility=no
