start=1334.291000
volume=130.000000
aid=2
