start=1440.147000
volume=150.000000
aid=2
