start=1416.999000
volume=180.000000
sub-visibility=no
