start=414.497000
volume=150.000000
aid=2
sub-visibility=no
