start=1332.873000
volume=130.000000
fullscreen=yes
aid=2
