start=1431.639000
volume=148.000000
aid=2
sid=4
sub-visibility=no
sub-ass-override=force
