start=1258.389000
volume=88.000000
sid=2
