start=1329.627000
volume=126.000000
aid=2
sid=no
