start=1304.011000
volume=150.000000
sub-visibility=no
