start=1330.788000
volume=170.000000
fullscreen=yes
aid=2
sub-visibility=no
