start=1327.201000
volume=150.000000
sub-visibility=no
