start=44.699553
volume=170.000000
