start=1332.373000
volume=200.000000
fullscreen=yes
