start=1407.573000
pause=yes
volume=110.000000
sid=1
