start=1321.786000
volume=150.000000
aid=2
sid=3
sub-visibility=no
