start=1289.830000
volume=180.000000
fullscreen=yes
aid=2
sid=4
