start=156.500000
volume=152.000000
fullscreen=yes
