start=1410.791000
volume=150.000000
aid=2
sub-visibility=no
