start=1329.745000
volume=140.000000
sub-visibility=no
