start=1353.727000
volume=150.000000
aid=2
