start=1337.593000
volume=150.000000
aid=2
