start=141.550000
pause=yes
volume=140.000000
