start=1298.262532
volume=130.000000
aid=2
