start=1263.262000
volume=150.000000
aid=2
