start=1328.536000
pause=yes
volume=200.000000
aid=2
