start=718.468000
volume=150.000000
aid=2
sid=3
sub-visibility=no
