start=1460.081000
pause=yes
volume=146.000000
aid=1
