start=1420.919000
pause=yes
volume=80.000000
aid=2
