start=1422.887000
volume=140.000000
fullscreen=yes
aid=2
