start=1303.010000
volume=110.000000
sub-visibility=no
