start=1346.845000
volume=90.000000
sub-visibility=no
