start=1421.045000
pause=yes
volume=120.000000
aid=2
sid=10
