start=1420.119406
pause=yes
volume=160.000000
aid=2
sub-visibility=no
