start=1333.999000
volume=130.000000
aid=2
