start=337.896757
pause=yes
volume=160.000000
