start=1436.769000
volume=170.000000
aid=2
sid=4
