start=1336.794000
volume=170.000000
aid=2
sid=4
