start=1162.411000
volume=64.000000
fullscreen=yes
aid=2
