start=1428.309667
pause=yes
volume=134.000000
aid=2
