start=1333.374000
volume=160.000000
fullscreen=yes
aid=2
