start=1503.104000
pause=yes
volume=200.000000
aid=2
sid=2
sub-visibility=no
