start=1225.516000
volume=182.000000
fullscreen=yes
aid=2
sid=2
sub-visibility=no
