start=822.176000
volume=160.000000
