start=1348.514000
volume=140.000000
aid=2
