start=1346.303000
volume=140.000000
fullscreen=yes
aid=2
