start=1278.861000
pause=yes
volume=160.000000
aid=2
