start=1367.074000
volume=102.000000
aid=2
