start=1295.712000
volume=146.000000
