start=171.254000
pause=yes
volume=120.000000
