start=1220.136000
pause=yes
volume=110.000000
aid=2
