start=1337.211000
volume=150.000000
aid=2
