start=1421.120667
pause=yes
volume=126.000000
aid=2
sid=4
