start=1455.539000
volume=140.000000
sub-ass-override=force
