start=1345.852000
volume=180.000000
fullscreen=yes
aid=2
sid=2
sub-visibility=no
