start=1252.049000
volume=116.000000
sid=1
sub-visibility=no
