start=1444.652000
volume=150.000000
sub-visibility=no
