start=1327.910000
volume=110.000000
sub-visibility=no
