start=1336.752000
volume=138.000000
fullscreen=yes
aid=2
