start=1406.287000
volume=144.000000
aid=2
sid=4
sub-visibility=no
