start=0.834000
volume=130.000000
sub-visibility=no
