start=653.486000
volume=120.000000
fullscreen=yes
aid=2
sub-visibility=no
