start=1332.498000
volume=150.000000
fullscreen=yes
aid=2
