start=1359.949000
volume=182.000000
aid=2
sid=2
sub-visibility=no
