start=737.242882
volume=130.000000
sub-visibility=no
