start=1334.875000
volume=196.000000
fullscreen=yes
aid=2
