start=1366.198000
volume=130.000000
aid=2
