start=1361.193000
volume=182.000000
aid=2
