start=1464.421000
volume=150.000000
aid=2
