start=1360.067000
volume=150.000000
aid=2
