start=11.133333
volume=140.000000
