start=1422.123333
pause=yes
volume=150.000000
contrast=-1
aid=2
sub-visibility=no
