start=442.866667
volume=142.000000
