start=1332.749000
volume=140.000000
aid=2
