start=161.633333
volume=180.000000
fullscreen=yes
