start=151.783000
volume=50.000000
