start=1325.991000
volume=150.000000
fullscreen=yes
aid=2
sub-visibility=no
