start=367.633333
volume=180.000000
