start=2.169000
volume=120.000000
sid=no
