start=146.466667
volume=200.000000
