start=190.565000
volume=120.000000
sid=no
