start=1350.141808
volume=120.000000
fullscreen=yes
