start=3384.506000
volume=150.000000
aid=2
sub-visibility=no
