start=1031.033333
volume=104.000000
sub-visibility=no
