start=995.502000
volume=174.000000
aid=2
sid=2
sub-visibility=no
