start=1560.184000
volume=158.000000
