start=1709.785000
volume=120.000000
fullscreen=yes
aid=2
