start=1269.317000
volume=110.000000
fullscreen=yes
sid=1
sub-visibility=no
