start=1321.904000
volume=150.000000
sub-visibility=no
