start=1327.117000
volume=148.000000
aid=2
