start=734.633000
volume=74.000000
