start=910.201000
volume=150.000000
sid=no
