start=1430.025333
pause=yes
volume=150.000000
aid=1
sub-visibility=no
