start=318.902000
pause=yes
volume=130.000000
aid=2
sub-visibility=no
