start=1332.630000
volume=150.000000
fullscreen=yes
aid=2
