start=1175.955869
volume=142.000000
sub-visibility=no
