start=1329.995000
volume=150.000000
aid=2
sub-visibility=no
