start=1386.302000
volume=150.000000
fullscreen=yes
aid=2
sid=2
