start=1344.635000
volume=140.000000
fullscreen=yes
