start=1343.801000
volume=150.000000
fullscreen=yes
aid=2
