start=1333.130000
volume=134.000000
fullscreen=yes
aid=2
