start=4756.168000
volume=110.000000
sub-visibility=no
