start=1340.923000
pause=yes
volume=124.000000
aid=2
