start=1430.149500
pause=yes
volume=130.000000
aid=2
sid=2
