start=1471.168000
pause=yes
volume=128.000000
aid=2
sid=2
sub-visibility=no
