start=1431.040000
pause=yes
volume=108.000000
