start=4.533333
volume=156.000000
