start=101.267935
pause=yes
volume=120.000000
