start=160.494000
volume=110.000000
fullscreen=yes
