start=1347.513000
volume=98.000000
sub-visibility=no
