start=1455.120000
volume=120.000000
sid=2
sub-ass-override=no
