start=1088.588000
pause=yes
volume=142.000000
aid=2
