start=1417.249000
pause=yes
volume=116.000000
aid=2
sid=4
