start=1401.066000
volume=130.000000
aid=2
sid=4
