start=6432.634000
pause=yes
volume=130.000000
aid=3
sid=no
