start=454.466667
volume=190.000000
fullscreen=yes
