start=1432.511334
pause=yes
volume=130.000000
aid=2
