start=5.214000
volume=0.000000
aid=1
sub-ass-override=force
