start=533.800000
volume=160.000000
