start=1343.759000
volume=120.000000
aid=2
