start=1296.879000
volume=184.000000
fullscreen=yes
aid=2
sid=4
