start=1081.080000
pause=yes
volume=144.000000
aid=2
