start=1395.769000
volume=118.000000
sub-visibility=no
