start=1327.409000
volume=140.000000
fullscreen=yes
aid=2
