start=1349.746000
volume=136.000000
aid=2
