start=1333.125000
volume=139.250015
fullscreen=yes
