start=150.650827
volume=126.000000
