start=1258.632000
volume=150.000000
aid=2
sub-visibility=no
