start=1317.483000
volume=160.000000
aid=2
sub-visibility=no
