start=1420.061324
pause=yes
volume=140.000000
aid=2
