start=151.610034
volume=180.000000
