start=1347.061000
volume=150.000000
aid=2
sub-visibility=no
