start=1116.490000
volume=140.000000
aid=2
sub-visibility=no
