start=1384.842000
volume=150.000000
aid=2
sub-visibility=no
