start=1447.328000
volume=150.000000
aid=2
