start=1344.218000
volume=170.000000
fullscreen=yes
aid=2
sid=2
sub-visibility=no
