start=1340.381000
volume=112.000000
sub-visibility=no
