start=1418.215000
volume=140.000000
aid=2
