start=1334.959000
volume=150.000000
aid=2
