start=1332.706000
volume=150.000000
fullscreen=yes
aid=2
sid=4
sub-visibility=no
