start=1356.028000
volume=180.000000
fullscreen=yes
aid=2
sid=2
