start=161.661000
volume=120.000000
fullscreen=yes
