start=477.477000
volume=120.000000
sid=no
