start=1335.292000
volume=140.000000
aid=2
sid=2
sub-visibility=no
