start=1384.842000
volume=150.000000
fullscreen=yes
aid=2
