start=1333.123000
volume=130.000000
fullscreen=yes
aid=2
