start=1182.057057
volume=120.000000
fullscreen=yes
