start=84.399156
volume=200.000000
