start=182.849000
volume=110.000000
sub-visibility=no
