start=1348.806000
volume=130.000000
sub-visibility=no
