start=1332.289000
pause=yes
volume=150.000000
aid=2
sub-visibility=no
