start=1357.398000
volume=150.000000
sub-visibility=no
