start=144.733333
volume=160.000000
