start=617.233333
volume=176.000000
