start=1454.370000
volume=130.000000
sub-visibility=no
