start=1439.188000
volume=130.000000
sid=no
