start=308.458208
volume=140.000000
