start=709.500000
volume=110.000000
aid=2
