start=22.606000
volume=150.000000
aid=2
