start=1347.478000
pause=yes
volume=150.000000
aid=1
sub-visibility=no
