start=1330.204000
volume=140.000000
fullscreen=yes
aid=2
