start=1343.842000
volume=150.000000
sub-visibility=no
