start=1248.497000
volume=140.000000
sub-visibility=no
