start=307.474000
pause=yes
volume=70.000000
