start=1374.707000
volume=146.000000
aid=2
