start=1314.814000
volume=190.000000
sub-visibility=no
