start=0.466667
volume=152.000000
sub-visibility=no
