start=1099.731000
volume=150.000000
aid=2
sid=2
sub-visibility=no
