start=1416.229000
volume=150.000000
fullscreen=yes
aid=2
sid=9
sub-visibility=no
