start=2219.217000
volume=150.000000
aid=2
