start=1332.957000
volume=150.000000
aid=2
