start=1138.971000
pause=yes
volume=150.000000
aid=2
