start=1052.009000
volume=150.000000
aid=2
sid=2
sub-visibility=no
