start=155.800000
volume=200.000000
