start=1323.788000
volume=130.000000
aid=2
sub-visibility=no
