start=1420.885000
volume=150.000000
sub-visibility=no
