start=1425.758000
volume=120.000000
aid=2
sid=10
