start=1322.404000
volume=110.000000
aid=2
