start=706.915000
volume=180.000000
fullscreen=yes
aid=2
