start=1337.962000
volume=150.000000
sub-visibility=no
