start=1311.317000
volume=152.000000
fullscreen=yes
aid=2
