start=1330.461000
volume=114.000000
aid=1
