start=1351.809000
volume=150.000000
aid=2
sid=10
sub-visibility=no
