start=497.324773
pause=yes
volume=150.000000
