start=138.733333
volume=190.000000
fullscreen=yes
