start=1448.113000
volume=120.000000
aid=2
sid=5
