start=1349.021000
volume=150.000000
fullscreen=yes
aid=2
