start=1420.107754
pause=yes
volume=120.000000
aid=2
sid=12
sub-ass-override=force
