start=1398.279000
volume=180.000000
aid=2
sid=2
sub-visibility=no
