start=1343.558000
volume=150.000000
fullscreen=yes
aid=2
sub-ass-override=force
