start=1401.699000
volume=110.000000
sid=2
