start=1361.110000
volume=150.000000
sid=no
