start=8.865000
volume=154.000000
