start=1332.915000
pause=yes
volume=130.000000
aid=2
