start=1290.915916
volume=126.000000
