start=1302.676000
pause=yes
volume=148.000000
aid=2
sid=3
sub-visibility=no
