start=125.834000
volume=150.000000
sub-visibility=no
