start=1861.161000
pause=yes
volume=120.000000
panscan=0.300000
sid=no
