start=1323.746000
volume=120.000000
aid=2
sub-visibility=no
