start=1327.701000
volume=118.000000
fullscreen=yes
sid=4
sub-visibility=no
