start=1420.061180
pause=yes
volume=180.000000
fullscreen=yes
aid=2
