start=137.300000
volume=150.000000
fullscreen=yes
