start=1408.824000
volume=160.000000
aid=2
sub-visibility=no
