start=1432.480000
volume=160.000000
fullscreen=yes
aid=1
sid=2
sub-visibility=no
