start=1337.566000
volume=160.000000
