start=1368.659000
pause=yes
volume=124.000000
aid=2
