start=1326.825000
volume=132.000000
fullscreen=yes
aid=2
