start=1312.491000
pause=yes
volume=150.000000
sid=1
sub-visibility=no
