start=1308.766000
volume=150.000000
sub-visibility=no
