start=5274.526000
volume=140.000000
aid=2
