start=4.366667
volume=170.000000
