start=1399.815000
volume=160.000000
fullscreen=yes
aid=2
sid=26
sub-ass-override=force
