start=1327.159000
volume=150.000000
fullscreen=yes
sid=2
