start=1427.301000
volume=160.000000
sub-visibility=no
