start=1327.535869
volume=120.000000
