start=1390.014000
volume=150.000000
fullscreen=yes
aid=2
sid=2
sub-visibility=no
