start=1406.488000
pause=yes
volume=166.000000
aid=2
sub-visibility=no
