start=1471.345000
volume=150.000000
sid=no
