start=949.157000
volume=150.000000
fullscreen=yes
aid=2
