start=1317.399000
volume=130.000000
aid=2
sub-visibility=no
