start=1282.740000
volume=92.000000
aid=2
