start=1296.629000
volume=182.000000
fullscreen=yes
aid=2
sid=2
