start=1366.497000
volume=150.000000
fullscreen=yes
aid=2
