start=1436.518000
volume=126.000000
aid=2
