start=1359.567000
volume=150.000000
fullscreen=yes
aid=2
