start=1363.911000
volume=110.000000
aid=2
sid=2
sub-visibility=no
