start=1395.519000
pause=yes
volume=150.000000
aid=2
sid=4
