start=493.678590
pause=yes
volume=150.000000
