start=1432.014000
pause=yes
volume=120.000000
aid=2
