start=1389.096000
volume=146.000000
aid=2
sid=26
