start=1325.616000
volume=160.000000
fullscreen=yes
aid=2
sid=2
sub-visibility=no
