start=1432.148667
pause=yes
volume=130.000000
aid=2
sid=3
