start=1567.941000
volume=140.000000
sid=1
sub-visibility=no
