start=1419.084000
volume=120.000000
aid=2
sid=4
