start=1199.824000
pause=yes
volume=172.000000
fullscreen=yes
aid=2
