start=261.166667
pause=yes
volume=130.000000
