start=1334.710000
pause=yes
volume=130.000000
sid=4
sub-visibility=no
