start=1389.763000
volume=160.000000
aid=2
