start=610.505722
volume=150.000000
