start=1272.813000
volume=150.000000
aid=2
