start=1370.077000
volume=150.000000
sid=1
sub-visibility=no
