start=1181.305000
volume=126.000000
sid=no
sub-pos=99
sub-visibility=no
