start=1392.648000
volume=150.000000
sub-visibility=no
