start=1338.671000
volume=106.000000
sub-visibility=no
