start=1325.157000
volume=150.000000
fullscreen=yes
aid=2
sub-visibility=no
