start=1399.565000
volume=90.000000
sid=2
