start=1432.051667
pause=yes
volume=148.000000
aid=2
