start=1398.731000
volume=160.000000
aid=2
