start=1322.954000
volume=146.000000
aid=2
sub-visibility=no
