start=1327.243000
volume=140.000000
aid=2
