start=1419.418000
volume=122.000000
sub-visibility=no
