start=1325.824000
volume=150.000000
aid=2
