start=1368.409000
volume=150.000000
fullscreen=yes
aid=2
