start=0.200000
volume=50.000000
