start=1345.469000
pause=yes
volume=130.000000
aid=2
