start=1081.080000
volume=116.000000
sub-visibility=no
