start=1402.276000
volume=190.000000
aid=2
