start=306.973000
volume=150.000000
aid=2
