start=195.900000
volume=200.000000
