start=1341.382000
volume=150.000000
aid=2
sid=5
sub-visibility=no
