start=1328.661000
volume=130.000000
aid=2
