start=1225.273000
volume=148.000000
fullscreen=yes
aid=1
sub-visibility=no
