start=1241.657000
volume=160.000000
fullscreen=yes
aid=2
