start=1367.783000
pause=yes
volume=158.000000
fullscreen=yes
aid=2
