start=6.166667
volume=70.000000
