start=1420.108723
pause=yes
volume=178.000000
fullscreen=yes
aid=2
