start=1362.861000
volume=150.000000
fullscreen=yes
aid=2
sid=26
