start=795.007207
volume=150.000000
