start=1318.360000
volume=140.000000
