start=115.515000
volume=150.000000
sub-visibility=no
