start=1344.725000
volume=142.000000
fullscreen=yes
aid=2
sub-visibility=no
