start=1266.914000
volume=150.000000
aid=2
