start=1350.891000
volume=130.000000
sid=no
