start=112.345567
volume=150.000000
