start=902.464000
pause=yes
volume=120.000000
sid=2
