start=1078.327000
volume=150.000000
