start=1270.526000
volume=120.000000
