start=1457.498000
volume=150.000000
fullscreen=yes
aid=2
sid=25
sub-ass-override=force
