start=1451.121000
pause=yes
volume=140.000000
fullscreen=yes
aid=2
