start=506.066667
volume=200.000000
