start=400.734000
pause=yes
volume=140.000000
aid=2
