start=1335.174000
volume=120.000000
aid=2
sid=2
