start=123.623000
volume=140.000000
sub-visibility=no
