start=1355.938000
volume=150.000000
fullscreen=yes
aid=2
sid=4
