start=1327.451000
volume=120.000000
fullscreen=yes
aid=2
