start=4575.613000
volume=190.000000
sid=2
sub-ass-override=no
ab-loop-a=2103.184000
ab-loop-b=2103.184000
