start=1345.761000
volume=110.000000
aid=2
sub-visibility=no
