start=185.602000
volume=120.000000
sid=no
