start=317.927596
pause=yes
volume=150.000000
