start=0.000000
pause=yes
volume=64.000000
