start=1420.586000
volume=184.000000
