start=1311.221496
volume=158.000000
aid=2
sid=2
sub-visibility=no
