start=1432.021000
volume=150.000000
fullscreen=yes
aid=2
