start=1336.752000
volume=120.000000
aid=2
sub-visibility=no
