start=1326.992000
volume=130.000000
fullscreen=yes
aid=2
