start=1417.606000
volume=148.000000
fullscreen=yes
aid=2
sub-visibility=no
