start=1317.420000
volume=130.000000
