start=1431.434500
pause=yes
volume=130.000000
aid=2
sid=3
