start=1299.918326
volume=130.000000
aid=2
