start=1314.688000
volume=90.000000
fullscreen=yes
aid=2
