start=1420.061504
pause=yes
volume=150.000000
aid=2
