start=235.860000
volume=150.000000
