start=1348.722000
volume=150.000000
aid=2
