start=1729.049000
volume=110.000000
fullscreen=yes
aid=2
sub-visibility=no
