start=1325.826000
volume=116.000000
sub-visibility=no
