start=1445.045240
volume=150.000000
sid=1
sub-visibility=no
