start=1404.041000
pause=yes
volume=90.000000
