start=575.300000
volume=152.000000
