start=352.602000
volume=120.000000
sub-visibility=no
