start=1068.943000
volume=126.000000
fullscreen=yes
aid=2
