start=475.725000
pause=yes
volume=150.000000
aid=2
