start=241.770667
pause=yes
volume=120.000000
