start=1459.083000
volume=150.000000
aid=2
