start=1292.249000
volume=140.000000
aid=2
sub-visibility=no
