start=256.162299
pause=yes
volume=150.000000
