start=1440.123448
pause=yes
volume=154.000000
aid=2
