start=34.633333
volume=132.000000
