start=274.775000
volume=130.000000
sub-visibility=no
