start=119.907823
pause=yes
volume=170.000000
