start=1335.501000
volume=120.000000
sub-visibility=no
