start=1351.183000
volume=150.000000
aid=2
