start=156.531000
volume=150.000000
fullscreen=yes
aid=2
