start=1309.808000
volume=134.000000
aid=2
sub-visibility=no
