start=1333.353000
volume=150.000000
sid=4
sub-visibility=no
