start=1332.873000
volume=128.000000
fullscreen=yes
aid=2
