start=1425.130667
pause=yes
volume=150.000000
aid=2
sid=no
