start=482.633333
volume=126.000000
fullscreen=yes
