start=282.817000
pause=yes
volume=176.000000
