start=1428.735333
pause=yes
volume=130.000000
aid=2
