start=379.421000
pause=yes
volume=154.000000
aid=2
