start=1352.810000
volume=144.000000
aid=2
