start=168.210000
volume=124.000000
