start=1343.425000
volume=150.000000
fullscreen=yes
aid=2
sid=no
