start=1236.235000
volume=180.000000
fullscreen=yes
aid=2
