start=1359.316000
volume=120.000000
aid=2
