start=1339.762000
volume=150.000000
aid=2
sid=3
sub-visibility=no
