start=1427.176000
pause=yes
volume=120.000000
