start=1243.701000
volume=150.000000
fullscreen=yes
aid=9
sid=36
sub-visibility=no
