start=1421.091000
pause=yes
volume=168.000000
fullscreen=yes
aid=2
