start=1498.545000
volume=120.000000
fullscreen=yes
aid=2
