start=1305.346000
volume=148.000000
aid=2
sid=4
