start=1322.905000
volume=110.000000
fullscreen=yes
aid=2
sub-visibility=no
