start=995.119000
volume=150.000000
sub-visibility=no
