start=1440.077630
volume=150.000000
fullscreen=yes
aid=2
sid=1
sub-visibility=no
