start=197.824000
pause=yes
volume=200.000000
