start=4929.383000
pause=yes
volume=150.000000
sid=1
sub-visibility=no
