start=1193.734000
volume=150.000000
fullscreen=yes
aid=2
sid=4
