start=1431.930000
pause=yes
volume=126.000000
aid=2
