start=1357.154000
volume=140.000000
fullscreen=yes
aid=2
