start=1345.386000
volume=166.000000
aid=2
sid=3
