start=1336.794000
volume=150.000000
aid=2
sid=2
sub-visibility=no
sub-ass-override=force
