start=1336.252000
volume=110.000000
sub-visibility=no
