start=1464.004000
volume=130.000000
sub-visibility=no
