start=1331.997000
volume=150.000000
fullscreen=yes
aid=2
