start=4.755000
volume=120.000000
aid=2
sid=3
