start=1401.026000
pause=yes
volume=130.000000
