start=289.831000
volume=150.000000
aid=2
