start=1442.065000
pause=yes
volume=150.000000
fullscreen=yes
aid=2
sid=4
