start=1416.916000
pause=yes
volume=130.000000
aid=2
