start=1566.965400
volume=168.000000
