start=52.033333
volume=200.000000
