start=1228.144000
volume=180.000000
aid=2
