start=1453.494000
volume=110.000000
sub-visibility=no
