start=1329.495000
volume=146.000000
fullscreen=yes
aid=2
