start=43.136000
pause=yes
volume=200.000000
