start=184.017000
volume=120.000000
sid=no
