start=1420.025820
pause=yes
volume=150.000000
aid=2
sub-visibility=no
