start=1318.547000
volume=140.000000
fullscreen=yes
