start=1512.763000
pause=yes
volume=140.000000
