start=1425.031336
pause=yes
volume=160.000000
