start=1412.974000
volume=140.000000
sid=2
sub-visibility=no
