start=1336.877000
volume=140.000000
sub-visibility=no
