start=1327.708000
volume=144.000000
aid=2
sid=3
sub-visibility=no
