start=1420.107625
pause=yes
volume=170.000000
aid=2
