start=1267.016000
volume=122.000000
aid=2
sid=10
