start=1433.891000
volume=200.000000
fullscreen=yes
aid=2
