start=1360.860000
volume=100.716667
aid=2
