start=1327.826000
volume=164.000000
fullscreen=yes
aid=2
sid=3
sub-visibility=no
