start=1555.825000
volume=156.000000
aid=1
