start=1351.559000
volume=140.000000
aid=2
sid=2
sub-visibility=no
