start=1359.817000
volume=120.000000
aid=2
sub-visibility=no
