start=1342.598000
volume=180.000000
fullscreen=yes
aid=2
