start=1419.467000
aid=2
sub-scale=0.800000
sub-ass-override=force
