start=210.085000
volume=120.000000
sid=no
