start=307.474000
volume=140.000000
