start=183.112336
volume=128.000000
fullscreen=yes
