start=871.412000
volume=90.000000
aid=2
sid=10
