start=1452.326000
volume=160.000000
fullscreen=yes
aid=2
