start=1322.203000
volume=130.000000
fullscreen=yes
aid=2
sid=3
sub-visibility=no
