start=1335.292000
volume=150.000000
fullscreen=yes
aid=2
