start=1445.486000
volume=180.000000
aid=2
