start=1127.466667
volume=124.000000
