start=1346.178000
volume=150.000000
fullscreen=yes
aid=2
