start=58.206900
volume=128.000000
