start=33.760162
volume=150.000000
