start=1333.249000
volume=136.000000
fullscreen=yes
aid=2
