start=828.202000
volume=120.000000
aid=2
