start=1326.742000
pause=yes
volume=150.000000
aid=2
