start=1332.896000
volume=148.000000
fullscreen=yes
aid=2
