start=1389.179000
volume=110.000000
aid=2
sub-visibility=no
