start=1334.173000
volume=108.000000
aid=2
sid=3
