start=1387.386000
volume=184.000000
sub-visibility=no
