start=1333.005000
volume=130.000000
aid=1
sid=no
