start=1492.498000
volume=150.000000
aid=2
sub-ass-override=force
