start=291.416000
volume=120.000000
sub-visibility=no
