start=1419.835000
volume=150.000000
fullscreen=yes
aid=2
