start=77.278929
pause=yes
volume=200.000000
