start=582.183333
pause=yes
volume=200.000000
