start=1341.048000
volume=170.000000
aid=2
