start=1339.588000
volume=98.000000
aid=2
