start=1430.025000
pause=yes
volume=120.000000
sid=2
sub-visibility=no
