start=1277.116000
volume=96.000000
