start=1466.966000
pause=yes
volume=180.000000
aid=2
