start=1420.019667
pause=yes
volume=115.416672
aid=2
sid=3
sub-visibility=no
