start=86.433333
volume=122.000000
