start=1367.540000
volume=140.000000
aid=1
