start=822.030000
volume=144.000000
aid=2
