start=1332.414000
pause=yes
volume=150.000000
sid=4
sub-ass-override=no
