start=1425.088000
pause=yes
volume=130.000000
fullscreen=yes
aid=2
