start=1394.518000
volume=150.000000
sub-visibility=no
