start=1244.553366
volume=150.000000
aid=2
sid=2
