start=1282.612803
volume=90.000000
aid=2
