start=1368.332000
volume=130.000000
fullscreen=yes
aid=2
sid=1
sub-visibility=no
