start=1346.595000
volume=130.000000
fullscreen=yes
aid=2
