start=1417.791000
pause=yes
volume=126.000000
aid=2
sid=4
