start=1431.509333
pause=yes
volume=154.000000
aid=2
