start=1496.681333
pause=yes
volume=120.000000
sid=1
sub-visibility=no
