start=1421.120333
pause=yes
volume=120.000000
aid=2
sid=2
sub-visibility=no
