start=1411.118000
volume=120.000000
