start=1319.820000
volume=130.000000
