start=1426.508000
pause=yes
volume=134.000000
aid=2
sid=3
