start=1326.575000
volume=168.000000
sub-visibility=no
