start=7.400000
volume=150.000000
