start=1290.164000
volume=130.000000
fullscreen=yes
aid=2
