start=1426.884000
pause=yes
volume=120.000000
aid=2
