start=4.796000
volume=140.000000
aid=2
