start=1432.149000
pause=yes
volume=120.000000
aid=2
