start=1366.471000
pause=yes
volume=150.000000
fullscreen=yes
aid=2
