start=4075.488000
volume=190.000000
