start=1391.467000
pause=yes
volume=150.000000
