start=353.700000
volume=162.000000
