start=1138.811000
volume=200.000000
aid=2
sub-visibility=no
