start=1427.767000
volume=150.000000
fullscreen=yes
aid=2
sub-visibility=no
