start=1345.469000
volume=160.000000
aid=2
