start=1419.968744
pause=yes
volume=170.000000
aid=2
