start=1327.785000
volume=142.000000
aid=2
sid=2
sub-visibility=no
