start=346.162840
pause=yes
volume=150.000000
