start=1404.571000
volume=136.000000
