start=1349.035000
volume=140.000000
aid=2
