start=161.495000
volume=130.000000
fullscreen=yes
