start=1420.002000
pause=yes
volume=150.000000
fullscreen=yes
aid=2
