start=700.409000
volume=140.000000
aid=2
