start=1350.058392
volume=120.000000
fullscreen=yes
