start=210.814827
volume=150.000000
