start=1338.386000
volume=140.000000
aid=2
