start=17.559208
volume=106.000000
