start=1421.155500
pause=yes
volume=120.000000
aid=2
sid=10
