start=1304.803000
volume=140.000000
fullscreen=yes
aid=2
