start=1416.707000
volume=150.000000
aid=2
sub-visibility=no
