start=1347.181000
volume=150.000000
sub-visibility=no
