start=1357.738000
volume=150.000000
aid=2
