start=1440.123506
pause=yes
volume=150.000000
fullscreen=yes
aid=2
