start=83.112575
pause=yes
volume=200.000000
