start=1450.081000
volume=120.000000
aid=2
