start=404.666667
volume=160.000000
