start=425.807000
pause=yes
volume=170.000000
aid=2
sid=4
