start=1322.078000
volume=122.000000
aid=2
sub-visibility=no
