start=202.033333
volume=200.000000
fullscreen=yes
