start=1329.411000
volume=120.000000
fullscreen=yes
aid=2
