start=462.100000
volume=64.000000
