start=382.501103
pause=yes
volume=106.000000
