start=311.166667
volume=150.000000
fullscreen=yes
