start=1357.655000
pause=yes
volume=200.000000
aid=2
sub-visibility=no
