start=558.533333
volume=130.000000
