start=1140.264000
volume=162.000000
fullscreen=yes
aid=2
