start=1.001000
volume=158.000000
