start=5.130000
pause=yes
volume=140.000000
aid=2
sid=5
sub-visibility=no
