start=739.322000
volume=146.000000
sub-visibility=no
