start=7149.141333
pause=yes
volume=120.000000
aid=2
sid=no
