start=1352.226000
volume=140.000000
fullscreen=yes
aid=2
