start=1333.297000
volume=140.000000
fullscreen=yes
aid=2
