start=1582.044131
pause=yes
volume=146.000000
fullscreen=yes
aid=2
