start=1443.866000
volume=140.000000
fullscreen=yes
aid=2
