start=1326.784000
volume=120.000000
fullscreen=yes
aid=2
