start=1303.761000
volume=136.000000
fullscreen=yes
aid=2
sub-visibility=no
