start=1420.026762
pause=yes
volume=180.000000
aid=2
sub-visibility=no
