start=1336.627000
volume=150.000000
fullscreen=yes
aid=2
