start=145.379054
pause=yes
volume=200.000000
