start=1431.889000
pause=yes
volume=180.000000
aid=2
sub-visibility=no
