start=245.754246
volume=184.000000
