start=1320.236000
volume=160.000000
sub-visibility=no
