start=1327.535000
volume=124.000000
fullscreen=yes
aid=2
sub-visibility=no
