start=1349.933267
volume=126.000000
fullscreen=yes
contrast=-1
