start=1338.796000
volume=150.000000
fullscreen=yes
aid=2
