start=700.158000
volume=190.000000
aid=2
