start=755.800000
volume=130.000000
