start=422.766667
volume=150.000000
