start=1318.707441
pause=yes
volume=150.000000
