start=29.796433
pause=yes
volume=150.000000
