start=1420.083874
pause=yes
volume=160.000000
fullscreen=yes
aid=2
