start=1329.203000
volume=110.000000
sid=2
