start=481.356000
volume=106.000000
sub-visibility=no
