start=3803.091000
volume=170.000000
sub-ass-override=no
