start=1425.973000
volume=150.000000
fullscreen=yes
aid=2
