start=42.000000
volume=140.000000
aid=2
