start=1355.479000
volume=98.000000
aid=2
