start=1275.816000
volume=150.000000
