start=32.245641
pause=yes
volume=200.000000
