start=1582.044122
pause=yes
volume=150.000000
contrast=-1
aid=2
