start=71.133333
volume=160.000000
