start=1451.797000
pause=yes
volume=96.000000
aid=2
sid=5
