start=1346.512000
volume=150.000000
aid=2
sub-visibility=no
