start=1320.319000
volume=180.000000
aid=2
sid=3
sub-visibility=no
