start=1420.072813
pause=yes
volume=168.000000
aid=2
sub-visibility=no
