start=296.366667
volume=158.000000
