start=1432.052000
pause=yes
volume=148.000000
fullscreen=yes
aid=2
