start=1330.371000
volume=182.000000
fullscreen=yes
aid=2
