start=1404.486000
pause=yes
volume=140.000000
aid=2
