start=1421.291333
pause=yes
volume=110.000000
aid=2
sid=2
sub-visibility=no
