start=1142.308000
volume=150.000000
fullscreen=yes
