start=1335.834000
volume=130.000000
sub-visibility=no
