start=1295.176000
volume=144.000000
fullscreen=yes
aid=2
sid=2
sub-visibility=no
