start=1278.486000
volume=180.000000
fullscreen=yes
aid=2
sid=4
