start=1334.959000
volume=90.000000
sid=1
sub-visibility=no
