start=1439.236000
volume=140.000000
aid=2
sub-visibility=no
