start=1344.134000
volume=130.000000
aid=2
