start=1094.392000
volume=150.000000
aid=2
sub-visibility=no
