start=1258.473000
volume=150.000000
