start=1419.168000
volume=170.000000
aid=2
