start=1338.337000
volume=150.000000
sub-visibility=no
