start=1360.859000
volume=150.000000
fullscreen=yes
aid=2
sid=25
