start=1300.090000
volume=104.000000
aid=2
sub-visibility=no
