start=1728.310000
volume=136.000000
