start=1371.050333
pause=yes
volume=184.000000
aid=2
sid=4
