start=549.466000
pause=yes
volume=130.000000
aid=2
