start=649.566000
volume=120.000000
sid=no
