start=95.233333
volume=140.000000
fullscreen=yes
