start=1451.082000
pause=yes
volume=152.000000
