start=418.466667
volume=180.000000
