start=291.582958
volume=56.000000
