start=901.234000
pause=yes
volume=150.000000
aid=2
