start=175.633333
volume=200.000000
fullscreen=yes
