start=1367.533000
volume=184.000000
sub-visibility=no
