start=1317.358000
volume=160.000000
fullscreen=yes
aid=2
sid=2
sub-visibility=no
