start=113.313000
volume=150.000000
sub-visibility=no
