start=1406.614000
volume=130.000000
aid=2
