start=1337.586000
volume=150.000000
fullscreen=yes
aid=2
