start=1262.720000
volume=120.000000
aid=2
