start=112.112000
volume=110.000000
sid=no
