start=1282.990000
volume=150.000000
aid=2
sid=4
sub-visibility=no
