start=1317.483000
volume=120.000000
aid=2
sid=3
sub-visibility=no
