start=60.320000
volume=150.000000
