start=1329.078000
volume=182.000000
fullscreen=yes
aid=2
