start=1334.284000
volume=120.000000
aid=2
sid=9
