start=1324.615000
volume=154.000000
aid=2
