start=1335.132000
volume=90.000000
aid=2
