start=1084.292000
volume=110.000000
sid=1
sub-visibility=no
