start=1459.375000
volume=150.000000
aid=2
