start=913.955000
volume=160.000000
sub-visibility=no
