start=1346.178000
pause=yes
aid=2
ab-loop-a=0.959000
