start=1330.663000
volume=120.000000
fullscreen=yes
aid=2
