start=1130.511000
volume=130.000000
fullscreen=yes
