start=1461.960000
volume=138.000000
fullscreen=yes
aid=2
