start=222.639000
volume=150.000000
fullscreen=yes
aid=2
sid=no
