start=1271.437000
volume=130.000000
sub-visibility=no
