start=1348.354000
volume=110.000000
aid=2
