start=1271.979000
volume=182.000000
aid=1
