start=1330.704000
volume=150.000000
fullscreen=yes
aid=2
