start=1452.034500
pause=yes
volume=120.000000
aid=1
sub-visibility=no
