start=1396.499000
volume=150.000000
