start=1366.115000
volume=150.000000
fullscreen=yes
aid=2
