start=1302.468000
volume=170.000000
aid=2
sub-ass-override=force
