start=1336.898000
volume=150.000000
aid=2
sid=3
sub-ass-override=force
