start=214.506000
volume=110.000000
sub-visibility=no
