start=1295.753000
volume=182.000000
aid=2
sid=4
