start=1421.077667
pause=yes
volume=150.000000
aid=2
sid=2
sub-visibility=no
