start=1584.249000
volume=150.000000
sub-visibility=no
