start=1324.135000
volume=110.000000
