start=1420.002000
pause=yes
volume=196.000000
fullscreen=yes
aid=2
