start=591.666667
volume=172.000000
