start=798.900000
volume=158.000000
