start=651.736738
pause=yes
volume=154.000000
