start=1144.692000
volume=200.000000
aid=2
sub-visibility=no
