start=1420.131766
pause=yes
volume=198.000000
fullscreen=yes
aid=2
