start=2795.033000
pause=yes
volume=150.000000
sid=2
