start=1347.513000
volume=112.000000
fullscreen=yes
aid=2
sub-visibility=no
