start=1374.540000
volume=160.000000
sub-visibility=no
