start=1478.560000
volume=150.000000
sid=1
sub-visibility=no
