start=1329.995000
volume=170.000000
fullscreen=yes
aid=2
sid=4
