start=1540.284000
pause=yes
volume=124.000000
aid=2
sub-visibility=no
