start=2681.400000
volume=150.000000
sub-visibility=no
