start=1340.422000
volume=150.000000
fullscreen=yes
aid=2
sid=3
