start=10.017000
volume=120.000000
aid=1
