start=125.191667
volume=120.000000
fullscreen=yes
aid=2
