start=38.300000
volume=150.000000
