start=1168.918000
volume=180.000000
sub-visibility=no
