start=801.266000
volume=140.000000
aid=2
