start=1338.803000
volume=110.000000
aid=2
sid=3
