start=147.817993
pause=yes
volume=140.000000
