start=1420.108195
pause=yes
volume=150.000000
aid=2
