start=1239.120398
volume=150.000000
fullscreen=yes
aid=2
