start=1411.327000
pause=yes
volume=132.000000
aid=2
sid=1
sub-visibility=no
