start=1334.966000
volume=156.000000
fullscreen=yes
sid=2
sub-visibility=no
