start=1331.963000
volume=150.000000
aid=2
