start=117.771368
pause=yes
volume=126.000000
