start=1422.091000
pause=yes
volume=170.000000
aid=2
