start=1344.134000
volume=150.000000
sid=no
