start=1472.353000
volume=140.000000
aid=2
sid=no
