start=110.877000
volume=150.000000
sub-visibility=no
