start=317.555870
pause=yes
volume=150.000000
