start=778.029000
volume=120.000000
sid=1
sub-delay=6.999996
sub-visibility=no
