start=1221.137000
pause=yes
volume=150.000000
