start=1432.051667
pause=yes
volume=120.000000
fullscreen=yes
aid=2
