start=1343.509000
volume=120.000000
fullscreen=yes
sid=no
sub-delay=1.300000
