start=1152.401000
volume=150.000000
fullscreen=yes
aid=2
sid=4
