start=1451.707000
volume=140.000000
fullscreen=yes
aid=2
