start=1515.848000
volume=110.000000
sid=no
