start=1377.543000
volume=154.000000
aid=2
