start=751.250000
volume=110.000000
aid=2
