start=1326.283000
volume=130.000000
sid=no
