start=1318.734000
volume=150.000000
fullscreen=yes
aid=2
sid=2
sub-visibility=no
