start=1325.324000
volume=120.000000
fullscreen=yes
aid=2
sid=1
sub-visibility=no
