start=1320.569000
volume=120.000000
aid=2
sid=3
sub-visibility=no
