start=1467.051334
pause=yes
volume=150.000000
aid=2
sid=3
