start=1394.602000
volume=190.000000
aid=2
