start=113.877333
pause=yes
volume=154.000000
