start=1783.782000
volume=190.000000
sub-visibility=no
