start=1446.987000
pause=yes
volume=150.000000
fullscreen=yes
aid=2
sid=2
