start=1450.240000
volume=128.000000
aid=2
