start=1318.150000
volume=110.000000
fullscreen=yes
aid=2
