start=463.330734
pause=yes
volume=150.000000
