start=1380.171839
volume=130.000000
