start=150.901000
volume=130.000000
aid=2
