start=198.166667
volume=180.000000
