start=1313.103000
volume=154.000000
aid=2
