start=1431.555000
pause=yes
volume=130.000000
aid=2
sid=4
