start=1409.206000
volume=140.000000
fullscreen=yes
aid=2
