start=1333.374000
volume=150.000000
sub-visibility=no
