start=163.413000
volume=130.000000
fullscreen=yes
