start=1422.080333
pause=yes
volume=150.000000
fullscreen=yes
aid=2
