start=303.716769
pause=yes
volume=150.000000
