start=267.413333
pause=yes
volume=110.000000
aid=1
