start=65.482000
pause=yes
volume=160.000000
aid=2
