start=1322.363000
volume=130.000000
fullscreen=yes
aid=2
