start=1128.460667
volume=134.000000
fullscreen=yes
