start=1252.460000
volume=146.000000
fullscreen=yes
aid=2
sid=no
