start=1431.509334
pause=yes
volume=154.000000
fullscreen=yes
aid=2
