start=1329.745000
volume=144.000000
fullscreen=yes
aid=2
