start=1348.806000
volume=130.000000
aid=2
sid=2
sub-visibility=no
