start=1420.878000
volume=140.000000
aid=2
sub-visibility=no
