start=1446.904000
volume=150.000000
aid=2
