start=51.066667
volume=152.000000
