start=1303.886000
volume=180.000000
fullscreen=yes
aid=2
