start=1269.108000
volume=120.000000
sub-visibility=no
