start=1327.535000
volume=128.000000
fullscreen=yes
aid=2
