start=1349.480000
volume=150.000000
fullscreen=yes
aid=2
