start=1347.687000
volume=90.000000
aid=2
sub-visibility=no
