start=182.724000
volume=122.000000
sid=no
