start=56.056000
volume=154.000000
