start=1200.074000
volume=130.000000
aid=2
