start=1438.395000
pause=yes
volume=144.000000
fullscreen=yes
aid=2
