start=644.102000
volume=110.000000
aid=2
