start=1337.545000
pause=yes
volume=170.000000
aid=2
