start=1417.124000
volume=110.000000
aid=2
sid=9
sub-ass-override=no
