start=166.541000
volume=132.000000
sub-visibility=no
