start=1421.078000
pause=yes
volume=110.000000
aid=2
sub-visibility=no
