start=1421.056000
pause=yes
volume=130.000000
aid=2
