start=1421.221500
pause=yes
volume=160.000000
fullscreen=yes
aid=2
sid=11
