start=1313.604000
pause=yes
volume=120.000000
aid=2
sid=3
sub-visibility=no
