start=1323.246000
volume=150.000000
fullscreen=yes
aid=2
