start=1227.734000
volume=160.000000
