start=1333.499000
volume=170.000000
fullscreen=yes
aid=1
sub-visibility=no
