start=276.500000
volume=150.000000
