start=1347.353000
volume=150.000000
fullscreen=yes
aid=2
sub-visibility=no
