start=1353.150000
volume=180.000000
fullscreen=yes
aid=2
