start=277.888000
pause=yes
volume=200.000000
