start=1323.323000
volume=136.000000
aid=2
